function k= SpaceBeamElementStiffness(X,Y1,Y2,Y3,Y4,S,Z1,Z2,Z3,Z4) 
%SpaceBeamElementStiffness This function returns the element stiffness
%matrix for a space beam element with modulus of elasticity
%E,cross-sectional area A,length L.
%The size of the element stiffness matrix is 12x12
k=zeros(12,12);
k(1,1)=X;
k(1,2)=0;
k(1,3)=0;
k(1,4)=0;
k(1,5)=0;
k(1,6)=0;
k(1,7)=-X;
k(1,8)=0;
k(1,9)=0;
k(1,10)=0;
k(1,11)=0;
k(1,12)=0;
k(2,1)=0;
k(2,2)=Y1;
k(2,3)=0;
k(2,4)=0;
k(2,5)=0;
k(2,6)=Y2;
k(2,7)=0;
k(2,8)=-Y1;
k(2,9)=0;
k(2,10)=0;
k(2,11)=0;
k(2,12)=Y2;
k(3,1)=0;
k(3,2)=0;
k(3,3)=Z1;
k(3,4)=0;
k(3,5)=-Z2;
k(3,6)=0;
k(3,7)=0;
k(3,8)=0;
k(3,9)=-Z1;
k(3,10)=0;
k(3,11)=-Z2;
k(3,12)=0;
k(4,1)=0;
k(4,2)=0;
k(4,3)=0;
k(4,4)=S;
k(4,5)=0;
k(4,6)=0;
k(4,7)=0;
k(4,8)=0;
k(4,9)=0;
k(4,10)=-S;
k(4,11)=0;
k(4,12)=0;
k(5,1)=0;
k(5,2)=0;
k(5,3)=-Z2;
k(5,4)=0;
k(5,5)=Z3;
k(5,6)=0;
k(5,7)=0;
k(5,8)=0;
k(5,9)=Z2;
k(5,10)=0;
k(5,11)=Z4;
k(5,12)=0;
k(6,1)=0;
k(6,2)=Y2;
k(6,3)=0;
k(6,4)=0;
k(6,5)=0;
k(6,6)=Y3;
k(6,7)=0;
k(6,8)=-Y2;
k(6,9)=0;
k(6,10)=0;
k(6,11)=0;
k(6,12)=Y4;
k(7,1)=-X;
k(7,2)=0;
k(7,3)=0;
k(7,4)=0;
k(7,5)=0;
k(7,6)=0;
k(7,7)=X;
k(7,8)=0;
k(7,9)=0;
k(7,10)=0;
k(7,11)=0;
k(7,12)=0;
k(8,1)=0;
k(8,2)=-Y1;
k(8,3)=0;
k(8,4)=0;
k(8,5)=0;
k(8,6)=Y2;
k(8,7)=0;
k(8,8)=Y1;
k(8,9)=0;
k(8,10)=0;
k(8,11)=0;
k(8,12)=-Y2;
k(9,1)=0;
k(9,2)=0;
k(9,3)=-Z1;
k(9,4)=0;
k(9,5)=-Z2;
k(9,6)=0;
k(9,7)=0;
k(9,8)=0;
k(9,9)=Z1;
k(9,10)=0;
k(9,11)=Z2;
k(9,12)=0;
k(10,1)=0;
k(10,2)=0;
k(10,3)=0;
k(10,4)=-S;
k(10,5)=0;
k(10,6)=0;
k(10,7)=0;
k(10,8)=0;
k(10,9)=0;
k(10,10)=S;
k(10,11)=0;
k(10,12)=0;
k(11,1)=0;
k(11,2)=0;
k(11,3)=Z2;
k(11,4)=0;
k(11,5)=Z4;
k(11,6)=0;
k(11,7)=0;
k(11,8)=0;
k(11,9)=Z2;
k(11,10)=0;
k(11,11)=Z3;
k(11,12)=0;
k(12,1)=0;
k(12,2)=-Y2;
k(12,3)=0;
k(12,4)=0;
k(12,5)=0;
k(12,6)=Y4;
k(12,7)=0;
k(12,8)=-Y2;
k(12,9)=0;
k(12,10)=0;
k(12,11)=0;
k(12,12)=Y3;
end

    


